AAV2020
618
529
CHA
550
523
621
537
606
669
361
464
495
528
639
354
598
578
564
681
298
386
284
384
453
526
632
414
192
9D7
661
538
331
502
170
231
410
131
615
355
501
271
316
302
315
455
314
506
675
549
579
542
546
377
166
425
540
497
434
599
483
492
359
657
555
245
439
340
566
266
344
371
195
477
485
567
467
673
405
616
605
312
594
600
525
363
469
471
642
527
575
233
385
255
667
382
393
431
313
180
488
601
656
353
521
334
459
9A3
154
396
440
139
468
460
226
444
666
253
388
430
503
682
456
631
609
569
592
645
655
531
MON
281
408
558
517
327
532
349
323
254
366
412
533
329
296
474
391
591
515
293
369
324
390
583
541
641
339
543
103
188
325
486
92
662
404
617
646
292
199
175
509
411
654
500
677
158
290
670
519
419
597
438
651
387
127
383
421
664
368
490
241
513
518
522
143
445
650
121
113
246
181
373
568
207
129
611
551
229
202
530
548
574
219
275
376
672
106
406
173
305
614
379
547
238
306
478
309
593
463
649
98
407
635
333
335
311
447
247
301
437
381
310
636
214
360
321
514
498
398
120
577
206
458
289
235
87
115
72
395
402
443
337
570
137
544
351
462
587
370
427
350
186
348
559
320
607
105
152
279
441
60
535
250
608
225
272
345
81
365
465
259
179
330
211
475
553
228
30
511
31
451
148
149
224
111
276
449
194
557
153
17
189
217
637
227
145
285
343
663
205
297
420
612
204
580
268
213
248
BAL
110
416
589
367
244
429
140
466
126
155
56
432
457
573
446
123
499
602
435
347
203
82
556
545
210
341
119
295
342
375
282
278
665
378
392
63
132
18
263
251
563
633
536
261
257
104
232
629
624
212
588
286
668
277
582
249
174
159
55
117
489
603
436
93
9D4
91
44
79
169
12
52
108
198
57
9B3
109
161
510
47
190
516
291
671
101
571
493
352
147
240
332
171
187
648
610
403
415
470
336
397
267
308
230
252
234
590
504
338
196
49
428
37
356
107
9A2
208
5
88
185
520
507
346
362
66
GEN
191
422
585
481
494
565
274
32
LUX
193
223
423
9D2
328
96
572
LAU
43
122
307
554
674
623
85
487
51
294
102
452
491
604
326
539
142
134
89
46
165
433
380
524
97
482
236
62
304
67
552
418
300
417
640
479
627
222
40
70
41
138
628
151
45
613
239
678
596
64
28
319
201
178
9B2
260
262
141
133
534
454
9A1
163
177
6
182
401
22
450
14
172
200
SAR
442
424
53
273
58
13
8
10
135
84
562
576
426
74
318
280
29
20
626
3
50
658
9D5
75
237
372
125
25
9B1
258
118
472
476
95
157
243
647
270
400
484
9C2
620
288
94
399
505
116
100
34
33
80
584
595
389
358
461
448
164
146
167
473
150
24
652
413
162
35
659
86
209
299
220
78
124
2
19
23
69
9C1
61
394
643
357
264
73
480
9D6
215
176
65
83
160
364
114
197
679
619
265
638
561
218
136
76
130
156
242
68
625
26
676
287
54
90
653
183
680
4
1
71
586
317
630
644
128
15
216
38
374
77
184
144
283
9D1
39
660
634
581
48
59
9C3
168
303
322
36
112
508
622
221
560
269
42
496
409
256
512
9D3
